0 0.5947596223871011 0.1938506388568227 0.36213792913725457 0.1620697222864743 0.33906546019585987 0.3309495839078758 0.5716871534457064 0.3627305004782242
0 0.5941986610909635 0.1935680302519421 0.49145095024214613 0.18138047466326984 0.48081601977843 0.2710387127105132 0.5835637306272473 0.2832262682991854
0 0.5062363802212514 0.2057359266822137 0.43531941140859604 0.15707221377871977 0.3239331270985175 0.31939393522731613 0.39485009591117287 0.36805764813081004
0 0.9266450615548185 0.4190150517219308 0.5542943879942396 0.35939614445466883 0.5198438358038895 0.5745575236310143 0.8921945093644685 0.6341764308982764
0 0.8829158125870096 0.5409829614255024 0.6796112864087281 0.2992866259239502 0.4901101078638289 0.45868683873375193 0.6934146340421103 0.7003831742353042
0 0.7865814628887455 0.36894091804060863 0.7184888186774266 0.23837448696225993 0.6631040935767931 0.2672585756967992 0.731196737788112 0.397825006775148
0 0.715073442677099 0.34265551211557665 0.5802509422858858 0.24868920919080048 0.5291085007176971 0.322068193291671 0.6639310011089103 0.41603449621644717
0 0.5712699323624468 0.5495798559678319 0.37236748071174264 0.529357218267419 0.3383367812684262 0.8640707037651948 0.5372392329191304 0.8842933414656077
0 0.582091254860479 0.6739576290884208 0.5336190465223946 0.5748239331516225 0.3396699385693212 0.6696568905920534 0.38814214690740567 0.7687905865288516
0 0.5102504128622269 0.33902961766984613 0.14858946831438943 0.32050915378378797 0.13295015854123537 0.6259079590962704 0.4946111030890729 0.6444284229823285
0 0.54416586182374 0.5617333594747571 0.49710415312192346 0.5384098655909388 0.42848266186892936 0.6768730241605576 0.47554437057074594 0.7001965180443758
0 0.5603721208596271 0.6728044015451413 0.43603587744401706 0.6235472702073849 0.3265579159265069 0.8998946355979482 0.45089415934211685 0.9491517669357046