0 0.6608642675340887 0.6697081365367137 0.42914958556795035 0.636810711606431 0.4051194837677511 0.8060679531092918 0.6368341657338895 0.8389653780395744
0 0.5202474136830221 0.7300175872101722 0.41789882869307793 0.7158127125167346 0.40536234324119036 0.8061402637580342 0.5077109282311344 0.8203451384514716
0 0.6786659920025898 0.6861490830123389 0.6182038979575828 0.6273722838301254 0.4770918111298467 0.7725304479930972 0.5375539051748538 0.8313072471753108
0 0.48303915114994905 0.4410017710398629 0.11241879260712902 0.3586694533645069 0.06563344713707704 0.5692744988951336 0.4362538056798971 0.6516068165704896
0 0.5000903121602758 0.5630574958701906 0.3171286843433485 0.30127776955120894 0.11906666884770782 0.43970616992178535 0.3020282966646351 0.701485896240767
0 0.3375028710844315 0.7316321158689704 0.26668614788175643 0.6026318005594685 0.211306551617597 0.6330332885737076 0.28212327482027205 0.7620336038832093
0 0.4293103453125 0.6331658296875 0.2982758625000001 0.6331658296875 0.2982758625000001 0.7474874375 0.4293103453125001 0.7474874375
0 0.6575819877239362 0.13396874012380988 0.4590427390903251 0.11693886837027825 0.4302171523369903 0.4529960282982879 0.6287564009706015 0.47002590005181955
0 0.660508281482715 0.31518577525789676 0.6049610317054462 0.22074614324619315 0.4140950568733463 0.33300918104230265 0.4696423066506151 0.4274488130540062
0 0.8687958237548088 0.37744421676896056 0.5066049262862753 0.35345258875734525 0.4864415437777042 0.657850172916495 0.8486324412462378 0.6818418009281102
0 0.571294306821863 0.3229492737775601 0.5242300899954234 0.2997366747153899 0.45588406150869953 0.438310226746769 0.5029482783351391 0.46152282580893916
0 0.6892364009302258 0.13146853937463243 0.564663730451857 0.05366650687847829 0.4068615621417207 0.30633133944107754 0.5314342326200892 0.3841333719372317