0 0.8389653780395736 0.36316583426611027 0.6697081365367132 0.33913573246591155 0.6368107116064311 0.5708504144320503 0.8060679531092916 0.594880516232249
0 0.8186195253367303 0.4914509502421464 0.728961287289487 0.4808160197784302 0.7167737317008146 0.5835637306272474 0.8064319697480581 0.5941986610909636
0 0.8414807298558179 0.4399678219666989 0.6814627469726379 0.32337181612978616 0.6308773133024188 0.39279597007980704 0.7908952961855987 0.5093919759167197
0 0.636772907783164 0.5514992549200006 0.42044637812816044 0.5211867857785597 0.3680676410904041 0.8949903963725617 0.5843941707454076 0.9253028655140026
0 0.7007133740760498 0.6796112864087281 0.5413131612662478 0.49011010786382886 0.2996168257646958 0.6934146340421103 0.4590170385744977 0.8829158125870098
0 0.7616255130377401 0.7184888186774266 0.7327414243032007 0.6631040935767931 0.6021749932248521 0.731196737788112 0.6310590819593914 0.7865814628887455
0 0.7513107908091995 0.5802509422858859 0.6779318067083292 0.5291085007176972 0.583965503783553 0.6639310011089103 0.6573444878844233 0.715073442677099
0 0.47002590005181955 0.37124359902939863 0.13396874012380983 0.34241801227606383 0.11693886837027825 0.5409572609096749 0.4529960282982879 0.5697828476630097
0 0.4274488130540063 0.5303576933493848 0.31518577525789687 0.33949171851728505 0.22074614324619324 0.3950389682945538 0.3330091810423027 0.5859049431266536
0 0.6873638927598935 0.15863515829626995 0.38464958106239455 0.12712505435003527 0.3468853154424629 0.4899224508107084 0.649599627139962 0.5214325547569431
0 0.46152282580893933 0.49705172166486083 0.3229492737775602 0.428705693178137 0.29973667471538995 0.4757699100045768 0.438310226746769 0.5441159384913006
0 0.34587218068170306 0.3981089731647617 0.06882129220376361 0.3670699156695228 0.0508385583970606 0.5275816315672611 0.3278894468750001 0.5586206890625001